<?xml version="1.0" encoding="UTF-8"?>
<kml xmlns="http://www.opengis.net/kml/2.2">
  <Document>
    <name>143 - Pagoh</name>
    <description>Pagoh Parliament Boundaries</description>
    <Style id="icon-1899-AFB42B-labelson">
      <IconStyle>
        <color>ff2bb4af</color>
        <scale>1</scale>
        <Icon>
          <href>https://www.gstatic.com/mapspro/images/stock/503-wht-blank_maps.png</href>
        </Icon>
        <hotSpot x="32" xunits="pixels" y="64" yunits="insetPixels"/>
      </IconStyle>
    </Style>
    <Style id="poly-0288D1-1200-76-normal">
      <LineStyle>
        <color>ffd18802</color>
        <width>1.2</width>
      </LineStyle>
      <PolyStyle>
        <color>4cd18802</color>
        <fill>1</fill>
        <outline>1</outline>
      </PolyStyle>
    </Style>
    <Style id="poly-0288D1-1200-76-highlight">
      <LineStyle>
        <color>ffd18802</color>
        <width>1.8</width>
      </LineStyle>
      <PolyStyle>
        <color>4cd18802</color>
        <fill>1</fill>
        <outline>1</outline>
      </PolyStyle>
    </Style>
    <StyleMap id="poly-0288D1-1200-76">
      <Pair>
        <key>normal</key>
        <styleUrl>#poly-0288D1-1200-76-normal</styleUrl>
      </Pair>
      <Pair>
        <key>highlight</key>
        <styleUrl>#poly-0288D1-1200-76-highlight</styleUrl>
      </Pair>
    </StyleMap>
    <Folder>
      <name>Point Parlimen</name>
      <Placemark>
        <name>PAGOH</name>
        <description><![CDATA[P.143  PAGOH    <br>       <br>   Name   P.143  PAGOH    <br>   StateCode   01    <br>   StateName   JOHOR    <br>   ParliamentCode   143    <br>   ParliamentName   PAGOH    <br>   Source   SPR    <br>   Version   2018    <br>   WakilRakyat   YB TAN SRI MUHYIDDIN BIN MOHD YASSIN    <br>   CombinePar   P143 - PAGOH    <br>   ParCode   P143    <br>   ORIG_FID   23]]></description>
        <styleUrl>#icon-1899-AFB42B-labelson</styleUrl>
        <Point>
          <coordinates>
            102.802745,2.227203,0
          </coordinates>
        </Point>
      </Placemark>
    </Folder>
    <Folder>
      <name>Parlimen</name>
      <Placemark>
        <name>P.143 PAGOH</name>
        <description><![CDATA[P.143 PAGOH <br> <br> Name P.143 PAGOH <br> StateCode 01 <br> StateName JOHOR <br> ParliamentCode 143 <br> ParliamentName PAGOH]]></description>
        <styleUrl>#poly-0288D1-1200-76</styleUrl>
        <Polygon>
          <outerBoundaryIs>
            <LinearRing>
              <tessellate>1</tessellate>
              <coordinates>
                100.206491,6.722824,0
100.206364,6.723309,0
100.206362,6.723333,0
100.206240,6.725014,0
100.206165,6.725998,0
100.206141,6.726308,0
100.206136,6.726374,0
100.204986,6.726528,0
100.203769,6.725798,0
100.203355,6.725549,0
100.203330,6.725533,0
100.201974,6.724248,0
100.201541,6.723837,0
100.200338,6.721965,0
100.200240,6.722024,0
100.198482,6.723090,0
100.198387,6.722989,0
100.197634,6.722193,0
100.196303,6.720785,0
100.195924,6.720383,0
100.195672,6.720311,0
100.194891,6.720088,0
100.194351,6.719933,0
100.193741,6.719759,0
100.193077,6.719509,0
100.192275,6.719208,0
100.192113,6.719147,0
100.191837,6.719043,0
100.190862,6.718676,0
100.188899,6.717938,0
100.188806,6.717903,0
100.188308,6.717542,0
100.187287,6.716804,0
100.187873,6.713945,0
100.187540,6.712703,0
100.185861,6.710819,0
100.185679,6.710615,0
100.185592,6.710177,0
100.185089,6.707634,0
100.183215,6.704118,0
100.181472,6.702049,0
100.180760,6.701204,0
100.180686,6.701027,0
100.180172,6.699801,0
100.180164,6.699358,0
100.180151,6.698593,0
100.180150,6.698519,0
100.180128,6.697208,0
100.180125,6.697003,0
100.178881,6.695695,0
100.178615,6.695670,0
100.176459,6.695464,0
100.172840,6.694284,0
100.172763,6.694259,0
100.172889,6.693783,0
100.173138,6.692851,0
100.173800,6.690371,0
100.173938,6.689851,0
100.174113,6.689197,0
100.174270,6.688609,0
100.174780,6.687307,0
100.175214,6.686203,0
100.175552,6.685342,0
100.175585,6.685258,0
100.176040,6.684098,0
100.176088,6.684057,0
100.177172,6.683126,0
100.177778,6.683105,0
100.178947,6.683063,0
100.179398,6.683047,0
100.179787,6.683034,0
100.180156,6.683021,0
100.180376,6.683013,0
100.180869,6.682995,0
100.181134,6.681716,0
100.181133,6.681681,0
100.181086,6.679925,0
100.181067,6.679182,0
100.181072,6.678986,0
100.181076,6.678812,0
100.181107,6.677554,0
100.181118,6.677121,0
100.181474,6.675572,0
100.181585,6.675092,0
100.181404,6.674683,0
100.180733,6.673162,0
100.180469,6.672563,0
100.180871,6.671110,0
100.180690,6.671029,0
100.179657,6.670568,0
100.179259,6.670390,0
100.179159,6.670346,0
100.179169,6.669777,0
100.179175,6.669470,0
100.179590,6.668594,0
100.180263,6.667172,0
100.180600,6.666459,0
100.180855,6.665283,0
100.180700,6.664279,0
100.180489,6.662912,0
100.180516,6.662877,0
100.180964,6.662292,0
100.181183,6.662004,0
100.181708,6.661317,0
100.181724,6.661217,0
100.181802,6.660707,0
100.181883,6.660177,0
100.181934,6.659823,0
100.181967,6.659592,0
100.182004,6.659332,0
100.182394,6.656604,0
100.182268,6.656328,0
100.181959,6.655650,0
100.178780,6.653003,0
100.177473,6.652120,0
100.177425,6.652088,0
100.177113,6.651621,0
100.176480,6.650675,0
100.175719,6.650563,0
100.174736,6.650652,0
100.174154,6.650704,0
100.173428,6.650769,0
100.173097,6.650571,0
100.172745,6.650362,0
100.171703,6.649740,0
100.171205,6.649274,0
100.171121,6.649196,0
100.170136,6.648275,0
100.169551,6.647729,0
100.169531,6.647711,0
100.169964,6.646354,0
100.170274,6.645379,0
100.170373,6.645070,0
100.170370,6.643610,0
100.170368,6.642809,0
100.170365,6.641454,0
100.170201,6.640796,0
100.170135,6.640531,0
100.169983,6.639924,0
100.169655,6.639319,0
100.169360,6.638776,0
100.169234,6.638545,0
100.169563,6.637407,0
100.169812,6.636545,0
100.169917,6.636181,0
100.170147,6.635200,0
100.170439,6.633956,0
100.170321,6.633418,0
100.170223,6.632978,0
100.170207,6.632966,0
100.169924,6.632760,0
100.169563,6.632497,0
100.168535,6.632326,0
100.167533,6.632160,0
100.167477,6.631648,0
100.167408,6.631009,0
100.168382,6.629105,0
100.168737,6.628588,0
100.169219,6.627888,0
100.169383,6.627649,0
100.169372,6.627615,0
100.168944,6.626257,0
100.168933,6.626223,0
100.168571,6.625446,0
100.168253,6.624763,0
100.168433,6.624266,0
100.168557,6.623921,0
100.168895,6.623551,0
100.169405,6.622993,0
100.169700,6.622669,0
100.169823,6.622534,0
100.169947,6.621426,0
100.169952,6.621382,0
100.169971,6.620736,0
100.170007,6.619508,0
100.170025,6.618904,0
100.170032,6.618675,0
100.170082,6.618157,0
100.170201,6.616924,0
100.170132,6.615695,0
100.170120,6.615485,0
100.170468,6.614435,0
100.170702,6.613750,0
100.170861,6.613282,0
100.170907,6.612760,0
100.170956,6.612199,0
100.170977,6.611957,0
100.171043,6.610333,0
100.171196,6.609250,0
100.171613,6.608246,0
100.172800,6.606939,0
100.173554,6.606500,0
100.174691,6.605837,0
100.175367,6.605506,0
100.176112,6.605141,0
100.176136,6.605129,0
100.178269,6.604083,0
100.178458,6.604336,0
100.179070,6.605156,0
100.179237,6.605380,0
100.179297,6.605311,0
100.179459,6.605126,0
100.180567,6.603860,0
100.181107,6.603242,0
100.181825,6.602264,0
100.182200,6.601752,0
100.182226,6.600749,0
100.181880,6.599334,0
100.181980,6.598969,0
100.182126,6.598435,0
100.182042,6.597537,0
100.182037,6.597491,0
100.181970,6.597422,0
100.181692,6.597137,0
100.180863,6.596287,0
100.179595,6.595228,0
100.179587,6.595221,0
100.179575,6.594658,0
100.179564,6.594110,0
100.179549,6.593425,0
100.179741,6.591673,0
100.179750,6.591657,0
100.180307,6.590676,0
100.180453,6.590420,0
100.180672,6.590034,0
100.180753,6.589939,0
100.181595,6.588947,0
100.182378,6.587539,0
100.182468,6.587203,0
100.182657,6.586501,0
100.182670,6.585410,0
100.182677,6.584831,0
100.182695,6.584748,0
100.183054,6.583091,0
100.183698,6.581625,0
100.184786,6.580640,0
100.184989,6.580456,0
100.185636,6.579703,0
100.186369,6.578850,0
100.185724,6.577751,0
100.185724,6.577751,0
100.185649,6.577915,0
100.185648,6.577916,0
100.185645,6.577922,0
100.185636,6.577943,0
100.185636,6.577943,0
100.185581,6.577884,0
100.185567,6.577869,0
100.185311,6.577594,0
100.185307,6.577590,0
100.185234,6.577511,0
100.185166,6.577438,0
100.185113,6.577381,0
100.184601,6.576853,0
100.184453,6.576642,0
100.184065,6.576084,0
100.184029,6.575801,0
100.183954,6.575198,0
100.184094,6.574521,0
100.184131,6.574345,0
100.184143,6.574319,0
100.184538,6.573514,0
100.184272,6.572919,0
100.184209,6.572778,0
100.184085,6.572777,0
100.183380,6.572770,0
100.182574,6.572785,0
100.182027,6.573444,0
100.181646,6.573623,0
100.181258,6.573804,0
100.180416,6.573658,0
100.180399,6.573650,0
100.179687,6.573293,0
100.179094,6.572932,0
100.178935,6.572835,0
100.178444,6.572235,0
100.178399,6.572181,0
100.178234,6.571826,0
100.178215,6.571674,0
100.178120,6.571540,0
100.178082,6.571312,0
100.178066,6.571276,0
100.178072,6.571230,0
100.178617,6.567171,0
100.180531,6.552904,0
100.185555,6.515460,0
100.186222,6.510489,0
100.190511,6.509482,0
100.192263,6.509070,0
100.192290,6.509064,0
100.192306,6.509060,0
100.192669,6.508975,0
100.192689,6.508986,0
100.192842,6.508928,0
100.193014,6.508862,0
100.193435,6.508702,0
100.193963,6.508501,0
100.194104,6.508669,0
100.194322,6.508580,0
100.194373,6.508565,0
100.194377,6.508563,0
100.194419,6.508551,0
100.194492,6.508528,0
100.194550,6.508511,0
100.194554,6.508523,0
100.194560,6.508521,0
100.194566,6.508520,0
100.194568,6.508519,0
100.194575,6.508518,0
100.194759,6.508474,0
100.194765,6.508473,0
100.194934,6.508433,0
100.195054,6.508405,0
100.195205,6.508369,0
100.195388,6.508326,0
100.195553,6.508287,0
100.195571,6.508283,0
100.195617,6.508272,0
100.195682,6.508256,0
100.195824,6.508223,0
100.195925,6.508198,0
100.196127,6.508150,0
100.196310,6.508107,0
100.196420,6.508081,0
100.196621,6.508033,0
100.196843,6.507983,0
100.196859,6.507979,0
100.197014,6.507944,0
100.197142,6.507913,0
100.197194,6.507900,0
100.197351,6.507861,0
100.197430,6.507824,0
100.197817,6.507643,0
100.198230,6.507387,0
100.198627,6.507140,0
100.198716,6.507086,0
100.198864,6.507000,0
100.198905,6.506977,0
100.199331,6.506732,0
100.199349,6.506722,0
100.199361,6.506717,0
100.199643,6.506553,0
100.199884,6.506415,0
100.200078,6.506335,0
100.201122,6.505905,0
100.201309,6.505814,0
100.201856,6.505657,0
100.202129,6.505579,0
100.202238,6.505536,0
100.202239,6.505538,0
100.202248,6.505535,0
100.202288,6.505522,0
100.202334,6.505507,0
100.202344,6.505504,0
100.202350,6.505502,0
100.202390,6.505489,0
100.202440,6.505472,0
100.202848,6.505338,0
100.202998,6.505286,0
100.203203,6.505216,0
100.203462,6.505126,0
100.203852,6.504992,0
100.204238,6.504896,0
100.205088,6.504698,0
100.205651,6.504648,0
100.206241,6.504595,0
100.206305,6.504560,0
100.206379,6.504557,0
100.206379,6.504557,0
100.206394,6.504551,0
100.206656,6.504451,0
100.206774,6.504404,0
100.206799,6.504363,0
100.206799,6.504363,0
100.206871,6.504369,0
100.206939,6.504376,0
100.206939,6.504376,0
100.206940,6.504376,0
100.207242,6.504318,0
100.207438,6.504318,0
100.207632,6.504287,0
100.207758,6.504275,0
100.207978,6.504213,0
100.208028,6.504206,0
100.208145,6.504351,0
100.208180,6.504350,0
100.208255,6.504349,0
100.208265,6.504349,0
100.208284,6.504349,0
100.208284,6.504349,0
100.208444,6.504545,0
100.208511,6.504513,0
100.208794,6.504436,0
100.208939,6.504603,0
100.209214,6.504477,0
100.209446,6.504394,0
100.209863,6.504229,0
100.210397,6.503961,0
100.211182,6.503565,0
100.211369,6.503469,0
100.211428,6.503526,0
100.211549,6.503642,0
100.211577,6.503626,0
100.212169,6.503272,0
100.212073,6.503179,0
100.212650,6.502963,0
100.212824,6.502848,0
100.212864,6.502931,0
100.212925,6.502909,0
100.212894,6.502823,0
100.213264,6.502685,0
100.213868,6.502458,0
100.214031,6.502682,0
100.214136,6.502646,0
100.214174,6.502807,0
100.214580,6.502618,0
100.214557,6.502539,0
100.215178,6.502372,0
100.215182,6.502289,0
100.215352,6.502217,0
100.215642,6.502109,0
100.215860,6.502079,0
100.215957,6.502082,0
100.215953,6.501982,0
100.215930,6.501679,0
100.215930,6.501679,0
100.215930,6.501678,0
100.215961,6.501560,0
100.215980,6.501416,0
100.215996,6.501301,0
100.215996,6.501301,0
100.215996,6.501301,0
100.215984,6.501197,0
100.215964,6.501009,0
100.215964,6.501008,0
100.215964,6.501008,0
100.215967,6.500926,0
100.215969,6.500884,0
100.215973,6.500800,0
100.215973,6.500800,0
100.215973,6.500800,0
100.215926,6.500686,0
100.215905,6.500635,0
100.215866,6.500540,0
100.215797,6.500421,0
100.215750,6.500339,0
100.215750,6.500339,0
100.215669,6.499993,0
100.215477,6.499853,0
100.215352,6.499702,0
100.215299,6.499508,0
100.215388,6.499480,0
100.215574,6.499419,0
100.215742,6.499322,0
100.216113,6.499152,0
100.216265,6.499088,0
100.216328,6.499062,0
100.216342,6.499057,0
100.216392,6.499036,0
100.216551,6.499019,0
100.216531,6.498972,0
100.216534,6.498842,0
100.216534,6.498841,0
100.216535,6.498804,0
100.216537,6.498758,0
100.216537,6.498757,0
100.216537,6.498757,0
100.216541,6.498599,0
100.216541,6.498599,0
100.216541,6.498599,0
100.216541,6.498599,0
100.216513,6.498506,0
100.216513,6.498506,0
100.216513,6.498505,0
100.216499,6.498460,0
100.216253,6.498169,0
100.216102,6.497990,0
100.216020,6.497858,0
100.215857,6.497573,0
100.215764,6.497378,0
100.215682,6.497171,0
100.215627,6.497017,0
100.215605,6.496948,0
100.215608,6.496893,0
100.215615,6.496783,0
100.215763,6.496637,0
100.215945,6.496568,0
100.216041,6.496456,0
100.216081,6.496338,0
100.216147,6.496145,0
100.216154,6.495961,0
100.216157,6.495885,0
100.216106,6.495677,0
100.216038,6.495441,0
100.215978,6.495234,0
100.215945,6.494905,0
100.215972,6.494740,0
100.216008,6.494402,0
100.216009,6.494220,0
100.215976,6.493952,0
100.215890,6.493778,0
100.215693,6.493378,0
100.215702,6.493222,0
100.215756,6.492902,0
100.215868,6.492424,0
100.215880,6.492362,0
100.215908,6.491636,0
100.215872,6.490875,0
100.215867,6.490758,0
100.215815,6.490690,0
100.215755,6.490610,0
100.215695,6.490471,0
100.215670,6.490220,0
100.215546,6.489381,0
100.215356,6.488677,0
100.215211,6.488099,0
100.215207,6.488076,0
100.215077,6.487583,0
100.215024,6.487250,0
100.215006,6.487131,0
100.214935,6.486646,0
100.214940,6.486077,0
100.214941,6.485983,0
100.214943,6.485876,0
100.214945,6.485782,0
100.214950,6.485442,0
100.214988,6.485248,0
100.215019,6.485090,0
100.215047,6.484948,0
100.215100,6.484784,0
100.215188,6.484611,0
100.215243,6.484384,0
100.215294,6.484144,0
100.215302,6.484053,0
100.215313,6.483936,0
100.215314,6.483728,0
100.215264,6.483599,0
100.215211,6.483459,0
100.215156,6.483274,0
100.215134,6.483198,0
100.215123,6.483015,0
100.215118,6.482930,0
100.215084,6.482759,0
100.215057,6.482620,0
100.215053,6.482600,0
100.214965,6.482134,0
100.214958,6.482097,0
100.214853,6.481668,0
100.214805,6.481472,0
100.214775,6.481316,0
100.214670,6.480770,0
100.214509,6.480128,0
100.214257,6.479410,0
100.214014,6.478592,0
100.213689,6.477810,0
100.213536,6.477255,0
100.213495,6.476891,0
100.213070,6.475199,0
100.212904,6.474764,0
100.213250,6.474610,0
100.213349,6.474538,0
100.213492,6.474635,0
100.213544,6.474596,0
100.213767,6.474429,0
100.213739,6.474344,0
100.213769,6.474337,0
100.213910,6.474209,0
100.214095,6.474041,0
100.214591,6.473940,0
100.214825,6.473861,0
100.214964,6.473832,0
100.215100,6.473805,0
100.215156,6.473992,0
100.215379,6.473897,0
100.215567,6.473814,0
100.215665,6.474008,0
100.215749,6.474076,0
100.215779,6.474101,0
100.215764,6.474319,0
100.215882,6.474240,0
100.216112,6.474192,0
100.216269,6.474299,0
100.216335,6.474216,0
100.216267,6.474092,0
100.216296,6.473951,0
100.216184,6.473818,0
100.216085,6.473724,0
100.216214,6.473557,0
100.216502,6.473254,0
100.216629,6.473155,0
100.216739,6.473069,0
100.216732,6.473043,0
100.216834,6.473006,0
100.216986,6.472900,0
100.217169,6.472761,0
100.217017,6.472573,0
100.217984,6.472293,0
100.217946,6.472125,0
100.218291,6.471952,0
100.218274,6.471759,0
100.218241,6.471696,0
100.218219,6.471651,0
100.218253,6.471548,0
100.219677,6.471571,0
100.219704,6.471526,0
100.220172,6.471387,0
100.220357,6.471333,0
100.220373,6.471498,0
100.220376,6.471528,0
100.220395,6.471570,0
100.220487,6.471593,0
100.220522,6.471580,0
100.220530,6.471576,0
100.220527,6.471490,0
100.220803,6.471451,0
100.220836,6.471551,0
100.220852,6.471602,0
100.220999,6.471557,0
100.221123,6.471527,0
100.221312,6.471492,0
100.221758,6.471326,0
100.221764,6.471303,0
100.222389,6.471124,0
100.222361,6.471024,0
100.222354,6.471000,0
100.222350,6.470984,0
100.222349,6.470980,0
100.222348,6.470978,0
100.222337,6.470950,0
100.222249,6.470728,0
100.222219,6.470654,0
100.222303,6.470613,0
100.222309,6.470610,0
100.222343,6.470594,0
100.222333,6.470563,0
100.222286,6.470426,0
100.222217,6.470065,0
100.222215,6.470055,0
100.222210,6.470028,0
100.222166,6.470031,0
100.222137,6.470032,0
100.222097,6.470011,0
100.222090,6.469992,0
100.222090,6.469992,0
100.222043,6.469870,0
100.221997,6.469781,0
100.221985,6.469783,0
100.221838,6.469808,0
100.221533,6.469848,0
100.221384,6.469868,0
100.221368,6.469644,0
100.221365,6.469592,0
100.221364,6.469584,0
100.221365,6.469574,0
100.221365,6.469572,0
100.221366,6.469561,0
100.221388,6.469350,0
100.221389,6.469337,0
100.221395,6.469282,0
100.221520,6.469295,0
100.221532,6.469297,0
100.221747,6.469320,0
100.221761,6.469283,0
100.221922,6.468864,0
100.221926,6.468853,0
100.221926,6.468853,0
100.221942,6.468812,0
100.222149,6.468888,0
100.222211,6.468694,0
100.222317,6.468518,0
100.222472,6.468185,0
100.222493,6.468118,0
100.222532,6.467997,0
100.222544,6.467959,0
100.222545,6.467957,0
100.222550,6.467942,0
100.222555,6.467936,0
100.222566,6.467925,0
100.222598,6.467891,0
100.222598,6.467855,0
100.222598,6.467769,0
100.222708,6.467509,0
100.222898,6.467582,0
100.223135,6.467672,0
100.223192,6.467693,0
100.223261,6.467488,0
100.223807,6.467707,0
100.223812,6.467709,0
100.223827,6.467715,0
100.223860,6.467652,0
100.223895,6.467583,0
100.223909,6.467557,0
100.223803,6.467503,0
100.223803,6.467502,0
100.223792,6.467493,0
100.223945,6.467265,0
100.224020,6.467120,0
100.224021,6.467117,0
100.224022,6.467116,0
100.224034,6.467092,0
100.224050,6.467096,0
100.224060,6.467098,0
100.224060,6.467098,0
100.224069,6.467101,0
100.224209,6.467137,0
100.224355,6.467175,0
100.224359,6.467100,0
100.224360,6.467093,0
100.224432,6.467075,0
100.224741,6.467000,0
100.224973,6.466944,0
100.225047,6.466930,0
100.225095,6.466921,0
100.225113,6.466917,0
100.225345,6.466874,0
100.225932,6.466765,0
100.225978,6.466756,0
100.226179,6.466724,0
100.226215,6.466719,0
100.226306,6.466705,0
100.226311,6.466619,0
100.226294,6.466404,0
100.226333,6.466017,0
100.226342,6.466017,0
100.226345,6.466017,0
100.226437,6.466017,0
100.226561,6.466018,0
100.227073,6.466021,0
100.227274,6.465498,0
100.227055,6.465319,0
100.227063,6.465272,0
100.227064,6.465272,0
100.227065,6.465267,0
100.227076,6.465235,0
100.227079,6.465226,0
100.227155,6.464992,0
100.227337,6.464598,0
100.227376,6.464515,0
100.227350,6.464501,0
100.227330,6.464490,0
100.227164,6.464400,0
100.227146,6.464389,0
100.227198,6.464298,0
100.227215,6.464269,0
100.227236,6.464232,0
100.227250,6.464218,0
100.227250,6.464218,0
100.227263,6.464205,0
100.227269,6.464199,0
100.227291,6.464176,0
100.227457,6.464218,0
100.227491,6.464227,0
100.227498,6.464228,0
100.227529,6.464236,0
100.227592,6.464252,0
100.227629,6.464281,0
100.227630,6.464281,0
100.227738,6.464364,0
100.227731,6.464403,0
100.227729,6.464417,0
100.227725,6.464444,0
100.227840,6.464593,0
100.227851,6.464596,0
100.227862,6.464599,0
100.227951,6.464626,0
100.227988,6.464638,0
100.228013,6.464645,0
100.228033,6.464651,0
100.228033,6.464663,0
100.228033,6.464663,0
100.228032,6.464676,0
100.228031,6.464704,0
100.228054,6.464712,0
100.228064,6.464715,0
100.228085,6.464723,0
100.228425,6.464842,0
100.228821,6.464903,0
100.228821,6.464903,0
100.228831,6.464905,0
100.228857,6.464909,0
100.228869,6.464870,0
100.228893,6.464793,0
100.229019,6.464752,0
100.229127,6.464717,0
100.229175,6.464671,0
100.229212,6.464636,0
100.229269,6.464678,0
100.229308,6.464707,0
100.229529,6.464354,0
100.229550,6.464321,0
100.229552,6.464319,0
100.229643,6.464173,0
100.229866,6.463837,0
100.230126,6.463489,0
100.230168,6.463447,0
100.230295,6.463317,0
100.230405,6.463399,0
100.230585,6.463533,0
100.230609,6.463505,0
100.230654,6.463453,0
100.230727,6.463368,0
100.230674,6.463326,0
100.230670,6.463324,0
100.230663,6.463318,0
100.230640,6.463300,0
100.230576,6.463250,0
100.230566,6.463243,0
100.230567,6.463243,0
100.230556,6.463235,0
100.230863,6.462867,0
100.231027,6.462660,0
100.231331,6.462276,0
100.231364,6.462234,0
100.231397,6.462171,0
100.231402,6.462160,0
100.231412,6.462141,0
100.231479,6.462012,0
100.231544,6.461949,0
100.231799,6.461705,0
100.231840,6.461666,0
100.231899,6.461726,0
100.231924,6.461752,0
100.232075,6.461603,0
100.232231,6.461448,0
100.232329,6.461351,0
100.232336,6.461344,0
100.232359,6.461322,0
100.232499,6.461182,0
100.232584,6.461098,0
100.232597,6.461086,0
100.232619,6.461098,0
100.232657,6.461066,0
100.232757,6.460981,0
100.232954,6.461288,0
100.233189,6.461715,0
100.233450,6.462124,0
100.234080,6.462307,0
100.234225,6.462349,0
100.234225,6.462349,0
100.234279,6.462219,0
100.234189,6.462001,0
100.234315,6.461314,0
100.234319,6.461300,0
100.234323,6.461284,0
100.234332,6.461245,0
100.234341,6.461205,0
100.234363,6.461115,0
100.234415,6.460897,0
100.234506,6.460515,0
100.234689,6.460192,0
100.234705,6.460168,0
100.234882,6.459907,0
100.235060,6.459594,0
100.235436,6.459834,0
100.235658,6.459153,0
100.236069,6.459481,0
100.236120,6.459521,0
100.236240,6.459363,0
100.236363,6.458495,0
100.236223,6.458409,0
100.236326,6.458343,0
100.236556,6.458196,0
100.236617,6.458235,0
100.236665,6.458328,0
100.236921,6.458643,0
100.236982,6.458722,0
100.237249,6.459066,0
100.237360,6.459208,0
100.237454,6.459153,0
100.237457,6.459156,0
100.237500,6.459209,0
100.237612,6.459345,0
100.237624,6.459335,0
100.239144,6.461199,0
100.240878,6.463282,0
100.241199,6.463718,0
100.242088,6.464791,0
100.242933,6.465770,0
100.243526,6.466425,0
100.243995,6.465707,0
100.244455,6.465610,0
100.244638,6.465158,0
100.244681,6.465201,0
100.244849,6.465165,0
100.244941,6.465289,0
100.244991,6.465234,0
100.245016,6.465159,0
100.245396,6.465081,0
100.245744,6.464989,0
100.245881,6.464928,0
100.246260,6.464756,0
100.246415,6.464868,0
100.246596,6.464751,0
100.246670,6.464783,0
100.247100,6.464537,0
100.246983,6.464275,0
100.246995,6.464219,0
100.247005,6.464224,0
100.247122,6.464149,0
100.247168,6.464107,0
100.247558,6.463982,0
100.248095,6.463749,0
100.248215,6.463666,0
100.248258,6.463613,0
100.248304,6.463556,0
100.248493,6.463427,0
100.248510,6.463445,0
100.248518,6.463436,0
100.248969,6.463007,0
100.249142,6.462842,0
100.249264,6.462950,0
100.249476,6.462754,0
100.249508,6.462725,0
100.249731,6.462560,0
100.250248,6.462168,0
100.250263,6.462156,0
100.250331,6.462107,0
100.250403,6.462059,0
100.250515,6.461986,0
100.250754,6.461830,0
100.250884,6.461745,0
100.250986,6.461709,0
100.251094,6.461651,0
100.251631,6.461342,0
100.251657,6.461327,0
100.251704,6.461310,0
100.251876,6.461249,0
100.252192,6.461130,0
100.252605,6.461042,0
100.252911,6.460998,0
100.252962,6.460990,0
100.253060,6.460975,0
100.253245,6.461214,0
100.253327,6.461305,0
100.253732,6.461759,0
100.253733,6.461760,0
100.253939,6.461990,0
100.253939,6.461990,0
100.253999,6.462058,0
100.254002,6.462060,0
100.254004,6.462063,0
100.254008,6.462067,0
100.254029,6.462091,0
100.254029,6.462091,0
100.254054,6.462119,0
100.254055,6.462120,0
100.254078,6.462146,0
100.254079,6.462146,0
100.254103,6.462174,0
100.254104,6.462174,0
100.254122,6.462195,0
100.254130,6.462204,0
100.254362,6.462464,0
100.254362,6.462464,0
100.254494,6.462611,0
100.254510,6.462629,0
100.254555,6.462680,0
100.254603,6.462733,0
100.254726,6.462871,0
100.254727,6.462871,0
100.254891,6.463055,0
100.254891,6.463055,0
100.254930,6.463099,0
100.255054,6.463247,0
100.255054,6.463247,0
100.255219,6.463443,0
100.255219,6.463444,0
100.255329,6.463575,0
100.255329,6.463575,0
100.255395,6.463653,0
100.255406,6.463666,0
100.255564,6.463854,0
100.255612,6.463911,0
100.255637,6.463941,0
100.255643,6.463948,0
100.255692,6.464055,0
100.255706,6.464086,0
100.255706,6.464086,0
100.255748,6.464178,0
100.255777,6.464241,0
100.255777,6.464241,0
100.255836,6.464371,0
100.255926,6.464567,0
100.255926,6.464567,0
100.256013,6.464758,0
100.256048,6.464835,0
100.256064,6.464879,0
100.256242,6.465366,0
100.256531,6.466162,0
100.256532,6.466162,0
100.256532,6.466163,0
100.256532,6.466163,0
100.256637,6.466453,0
100.256637,6.466453,0
100.256638,6.466453,0
100.256638,6.466454,0
100.256639,6.466456,0
100.256639,6.466457,0
100.256641,6.466462,0
100.256641,6.466464,0
100.256642,6.466464,0
100.256644,6.466471,0
100.256646,6.466478,0
100.256649,6.466484,0
100.256651,6.466490,0
100.256651,6.466490,0
100.256654,6.466497,0
100.256656,6.466504,0
100.256658,6.466511,0
100.256659,6.466513,0
100.256660,6.466516,0
100.256662,6.466521,0
100.256670,6.466543,0
100.256670,6.466543,0
100.256681,6.466573,0
100.256692,6.466603,0
100.256692,6.466603,0
100.256701,6.466625,0
100.256702,6.466628,0
100.256718,6.466673,0
100.256718,6.466673,0
100.256737,6.466724,0
100.256737,6.466724,0
100.256772,6.466820,0
100.256805,6.466910,0
100.256805,6.466910,0
100.256839,6.467001,0
100.256839,6.467001,0
100.256901,6.467169,0
100.256901,6.467169,0
100.256954,6.467315,0
100.256955,6.467315,0
100.257001,6.467442,0
100.257007,6.467458,0
100.257027,6.467512,0
100.257079,6.467654,0
100.257079,6.467655,0
100.257155,6.467861,0
100.257239,6.468088,0
100.257239,6.468088,0
100.257408,6.467594,0
100.257408,6.467593,0
100.259797,6.460588,0
100.259797,6.460588,0
100.259759,6.460593,0
100.259866,6.460303,0
100.259972,6.460080,0
100.260151,6.459560,0
100.260218,6.459594,0
100.260282,6.459626,0
100.260355,6.459647,0
100.260380,6.459654,0
100.260380,6.459654,0
100.260898,6.459803,0
100.261112,6.460120,0
100.261309,6.460412,0
100.261417,6.460350,0
100.262196,6.459903,0
100.262481,6.459740,0
100.264046,6.461587,0
100.264295,6.461375,0
100.264722,6.461012,0
100.264995,6.460782,0
100.265187,6.460620,0
100.266900,6.459154,0
100.267102,6.459131,0
100.267219,6.459266,0
100.267330,6.459405,0
100.267437,6.459547,0
100.267539,6.459694,0
100.267603,6.459793,0
100.267666,6.459894,0
100.267757,6.460054,0
100.267843,6.460217,0
100.267923,6.460382,0
100.267942,6.460445,0
100.267963,6.460507,0
100.267988,6.460567,0
100.267998,6.460596,0
100.268011,6.460624,0
100.268028,6.460651,0
100.268037,6.460682,0
100.268051,6.460711,0
100.268069,6.460737,0
100.268092,6.460760,0
100.268119,6.460778,0
100.268148,6.460792,0
100.268179,6.460800,0
100.268211,6.460804,0
100.268243,6.460802,0
100.268274,6.460794,0
100.268304,6.460782,0
100.268325,6.460741,0
100.268351,6.460703,0
100.268382,6.460669,0
100.268417,6.460639,0
100.268456,6.460614,0
100.268498,6.460595,0
100.268542,6.460581,0
100.268582,6.460573,0
100.268623,6.460571,0
100.268664,6.460573,0
100.268664,6.460573,0
100.268701,6.460603,0
100.268733,6.460638,0
100.268764,6.460681,0
100.268790,6.460728,0
100.268809,6.460778,0
100.268822,6.460830,0
100.268854,6.460911,0
100.268882,6.460994,0
100.268906,6.461078,0
100.268927,6.461179,0
100.268857,6.461288,0
100.268782,6.461394,0
100.268703,6.461498,0
100.268619,6.461597,0
100.268574,6.461648,0
100.268532,6.461701,0
100.268489,6.461765,0
100.268451,6.461832,0
100.268419,6.461902,0
100.268391,6.461975,0
100.268370,6.462051,0
100.268354,6.462127,0
100.268344,6.462205,0
100.268353,6.462247,0
100.268367,6.462289,0
100.268372,6.462346,0
100.268384,6.462402,0
100.268402,6.462457,0
100.268426,6.462509,0
100.268455,6.462558,0
100.268491,6.462589,0
100.268530,6.462616,0
100.268571,6.462638,0
100.268615,6.462655,0
100.268660,6.462667,0
100.268783,6.462676,0
100.268905,6.462690,0
100.268965,6.462688,0
100.269024,6.462681,0
100.269083,6.462670,0
100.269141,6.462654,0
100.269207,6.462631,0
100.269270,6.462602,0
100.269331,6.462567,0
100.269388,6.462527,0
100.269395,6.462522,0
100.269418,6.462470,0
100.269448,6.462421,0
100.269482,6.462375,0
100.269521,6.462333,0
100.269564,6.462296,0
100.269612,6.462263,0
100.269662,6.462236,0
100.269715,6.462215,0
100.269770,6.462200,0
100.269827,6.462190,0
100.269884,6.462187,0
100.269942,6.462190,0
100.269999,6.462200,0
100.270157,6.462227,0
100.270314,6.462261,0
100.270481,6.462303,0
100.270646,6.462352,0
100.270700,6.462329,0
100.271060,6.462175,0
100.271066,6.462172,0
100.271082,6.462165,0
100.271287,6.462078,0
100.271952,6.461817,0
100.272440,6.461599,0
100.272538,6.461579,0
100.273315,6.461415,0
100.273409,6.461375,0
100.273484,6.461350,0
100.273495,6.461378,0
100.274620,6.460994,0
100.275271,6.460775,0
100.275271,6.460775,0
100.275271,6.460775,0
100.275507,6.460787,0
100.275749,6.460800,0
100.277104,6.460952,0
100.278018,6.461053,0
100.278836,6.461143,0
100.279488,6.461215,0
100.279989,6.461270,0
100.280005,6.461267,0
100.280168,6.461237,0
100.280462,6.461347,0
100.280474,6.461351,0
100.280740,6.461451,0
100.280794,6.461450,0
100.280813,6.461450,0
100.280854,6.461449,0
100.281151,6.461444,0
100.281329,6.461441,0
100.281513,6.461421,0
100.281968,6.461373,0
100.282572,6.461309,0
100.282569,6.461289,0
100.282510,6.460943,0
100.282443,6.460544,0
100.283072,6.460442,0
100.283129,6.460377,0
100.284331,6.460035,0
100.284392,6.460046,0
100.285043,6.459852,0
100.285135,6.460068,0
100.286231,6.459719,0
100.287744,6.458948,0
100.287890,6.458840,0
100.288060,6.458730,0
100.288944,6.458484,0
100.288948,6.458414,0
100.288961,6.458298,0
100.289392,6.458209,0
100.289419,6.458311,0
100.289869,6.458258,0
100.290341,6.458131,0
100.290810,6.458005,0
100.290816,6.458105,0
100.290841,6.458240,0
100.290851,6.458291,0
100.290867,6.458422,0
100.291244,6.458328,0
100.291285,6.458318,0
100.291525,6.458238,0
100.291639,6.458232,0
100.291659,6.458418,0
100.291675,6.458574,0
100.292070,6.458511,0
100.292075,6.458509,0
100.292141,6.458492,0
100.292560,6.458378,0
100.293316,6.458102,0
100.293402,6.458060,0
100.293535,6.458016,0
100.293679,6.458247,0
100.293953,6.458688,0
100.293969,6.458930,0
100.293980,6.459002,0
100.293982,6.459007,0
100.294058,6.459334,0
100.294164,6.459578,0
100.294222,6.459864,0
100.294280,6.460066,0
100.294304,6.460269,0
100.294356,6.460492,0
100.294420,6.460768,0
100.294415,6.460995,0
100.294479,6.461117,0
100.294903,6.461056,0
100.295474,6.461045,0
100.295917,6.461062,0
100.296279,6.461100,0
100.297362,6.461171,0
100.297446,6.461154,0
100.297443,6.461067,0
100.298231,6.460651,0
100.298701,6.460524,0
100.298712,6.460521,0
100.298724,6.460518,0
100.298747,6.460533,0
100.299060,6.460597,0
100.299548,6.460593,0
100.300269,6.460713,0
100.300245,6.460921,0
100.300234,6.461024,0
100.300212,6.461237,0
100.300187,6.461424,0
100.300183,6.461449,0
100.300218,6.461443,0
100.300584,6.461382,0
100.300628,6.461382,0
100.300642,6.461581,0
100.300622,6.461767,0
100.300586,6.462094,0
100.300674,6.462102,0
100.301401,6.462131,0
100.301598,6.462612,0
100.301757,6.462930,0
100.301822,6.463061,0
100.302347,6.462833,0
100.302658,6.462695,0
100.303053,6.462463,0
100.303083,6.462445,0
100.303136,6.462479,0
100.303054,6.462120,0
100.303868,6.462610,0
100.303892,6.462624,0
100.304011,6.462696,0
100.304080,6.462824,0
100.304247,6.462837,0
100.304630,6.463064,0
100.304725,6.462959,0
100.305180,6.462685,0
100.306378,6.463252,0
100.306521,6.463306,0
100.306572,6.463325,0
100.306794,6.463404,0
100.307193,6.463788,0
100.307554,6.463749,0
100.307755,6.463740,0
100.307843,6.463524,0
100.307921,6.463200,0
100.307918,6.463152,0
100.307903,6.462932,0
100.307771,6.462588,0
100.307787,6.462474,0
100.307811,6.462302,0
100.307818,6.462288,0
100.308023,6.461902,0
100.308215,6.461655,0
100.308767,6.461887,0
100.310145,6.463014,0
100.310632,6.463194,0
100.311566,6.463428,0
100.312921,6.463492,0
100.314066,6.463688,0
100.314176,6.464198,0
100.314215,6.464377,0
100.314328,6.464721,0
100.314554,6.465180,0
100.314554,6.465350,0
100.314552,6.465696,0
100.314836,6.465943,0
100.314894,6.465994,0
100.315028,6.466111,0
100.315103,6.466176,0
100.315467,6.466239,0
100.315527,6.466250,0
100.315971,6.466436,0
100.316082,6.466483,0
100.316398,6.466850,0
100.316989,6.467082,0
100.317486,6.467360,0
100.317616,6.467432,0
100.317921,6.467603,0
100.319160,6.468143,0
100.319726,6.468724,0
100.319766,6.468765,0
100.319929,6.468937,0
100.320234,6.469446,0
100.320840,6.469763,0
100.320758,6.470000,0
100.320560,6.470575,0
100.321627,6.471019,0
100.323166,6.472597,0
100.323219,6.472651,0
100.323274,6.472865,0
100.323387,6.473147,0
100.323540,6.473308,0
100.323639,6.473490,0
100.323735,6.473757,0
100.324058,6.474132,0
100.324461,6.474602,0
100.324514,6.474609,0
100.324730,6.474640,0
100.325347,6.474370,0
100.325516,6.474382,0
100.325884,6.474677,0
100.326160,6.474750,0
100.326787,6.474875,0
100.326910,6.474889,0
100.327146,6.474915,0
100.327500,6.474851,0
100.328116,6.474522,0
100.328774,6.473791,0
100.329866,6.473656,0
100.329951,6.473646,0
100.331892,6.473405,0
100.332199,6.473635,0
100.332235,6.473981,0
100.332033,6.474198,0
100.331771,6.474481,0
100.331731,6.474750,0
100.332067,6.475320,0
100.332455,6.475979,0
100.333105,6.476517,0
100.333721,6.476593,0
100.334376,6.476285,0
100.334761,6.476362,0
100.335128,6.476751,0
100.335194,6.476837,0
100.335431,6.477777,0
100.335546,6.478109,0
100.335720,6.478304,0
100.336117,6.478469,0
100.336120,6.478468,0
100.336211,6.478508,0
100.336749,6.478305,0
100.336815,6.478153,0
100.336792,6.477743,0
100.336912,6.477666,0
100.337140,6.477693,0
100.337412,6.477883,0
100.337464,6.477921,0
100.338086,6.478432,0
100.338360,6.478552,0
100.338791,6.478726,0
100.338981,6.478826,0
100.338993,6.478833,0
100.339606,6.479158,0
100.339706,6.479161,0
100.339823,6.479163,0
100.339900,6.479138,0
100.340035,6.479086,0
100.340609,6.479116,0
100.341976,6.479315,0
100.342525,6.479621,0
100.342897,6.479776,0
100.343284,6.479353,0
100.343438,6.479353,0
100.343821,6.479621,0
100.343820,6.479813,0
100.343779,6.479960,0
100.343702,6.480236,0
100.343728,6.480267,0
100.343728,6.480268,0
100.343729,6.480268,0
100.343893,6.480467,0
100.344652,6.480444,0
100.344894,6.480437,0
100.345106,6.480430,0
100.345202,6.480427,0
100.345509,6.480542,0
100.346548,6.480465,0
100.346818,6.480272,0
100.347280,6.480234,0
100.347798,6.480411,0
100.348625,6.480617,0
100.349357,6.480424,0
100.349703,6.480501,0
100.350137,6.480485,0
100.351225,6.480445,0
100.352002,6.480270,0
100.353471,6.480852,0
100.354578,6.481331,0
100.355708,6.481601,0
100.356363,6.481614,0
100.357408,6.481634,0
100.358123,6.481647,0
100.358776,6.481877,0
100.359618,6.482569,0
100.360321,6.483087,0
100.361694,6.483510,0
100.362376,6.483315,0
100.362809,6.483181,0
100.363477,6.483150,0
100.364105,6.483206,0
100.364732,6.483295,0
100.365277,6.483823,0
100.365842,6.484370,0
100.366386,6.484733,0
100.366762,6.484984,0
100.367122,6.485008,0
100.367290,6.485033,0
100.367293,6.485034,0
100.367311,6.485040,0
100.367369,6.485677,0
100.367385,6.485844,0
100.367446,6.486520,0
100.367526,6.487387,0
100.367575,6.487932,0
100.367625,6.488480,0
100.367673,6.488999,0
100.367712,6.489428,0
100.367758,6.489938,0
100.367836,6.490787,0
100.367874,6.491201,0
100.367945,6.491987,0
100.367987,6.492441,0
100.368114,6.493839,0
100.368147,6.494193,0
100.368153,6.494263,0
100.368238,6.495188,0
100.368272,6.495569,0
100.368346,6.496377,0
100.368742,6.500708,0
100.368796,6.501303,0
100.369027,6.503834,0
100.369059,6.504183,0
100.369116,6.504805,0
100.369162,6.505310,0
100.369279,6.506591,0
100.369319,6.507034,0
100.369405,6.507973,0
100.369455,6.508528,0
100.369555,6.509619,0
100.369608,6.510199,0
100.369663,6.510796,0
100.369702,6.511229,0
100.369759,6.511848,0
100.369807,6.512380,0
100.369868,6.513050,0
100.369904,6.513437,0
100.369914,6.513545,0
100.369959,6.514043,0
100.370037,6.514903,0
100.370082,6.515389,0
100.370085,6.515429,0
100.370111,6.515710,0
100.370114,6.515745,0
100.370135,6.515968,0
100.370148,6.516108,0
100.370168,6.516328,0
100.370175,6.516406,0
100.370185,6.516521,0
100.370186,6.516532,0
100.370195,6.516627,0
100.370205,6.516742,0
100.370214,6.516837,0
100.370239,6.517107,0
100.370245,6.517178,0
100.370264,6.517386,0
100.370267,6.517412,0
100.370267,6.517421,0
100.370275,6.517509,0
100.370281,6.517567,0
100.370287,6.517637,0
100.370288,6.517649,0
100.370297,6.517741,0
100.370306,6.517843,0
100.370314,6.517927,0
100.370325,6.518048,0
100.370332,6.518128,0
100.370334,6.518146,0
100.370343,6.518249,0
100.370347,6.518294,0
100.370353,6.518363,0
100.370357,6.518399,0
100.370363,6.518468,0
100.370365,6.518486,0
100.370371,6.518560,0
100.370373,6.518576,0
100.370382,6.518681,0
100.370386,6.518725,0
100.370395,6.518822,0
100.370402,6.518900,0
100.370410,6.518978,0
100.370421,6.519106,0
100.370429,6.519187,0
100.370431,6.519215,0
100.370439,6.519296,0
100.370441,6.519320,0
100.370450,6.519419,0
100.370460,6.519527,0
100.370465,6.519590,0
100.370480,6.519745,0
100.370486,6.519820,0
100.370502,6.519989,0
100.370509,6.520064,0
100.370518,6.520170,0
100.370524,6.520234,0
100.370540,6.520403,0
100.370546,6.520471,0
100.370557,6.520596,0
100.370563,6.520657,0
100.370575,6.520791,0
100.370580,6.520846,0
100.370581,6.520854,0
100.370587,6.520926,0
100.370588,6.520930,0
100.370593,6.520992,0
100.370598,6.521037,0
100.370601,6.521071,0
100.370615,6.521224,0
100.370618,6.521256,0
100.370621,6.521298,0
100.370624,6.521332,0
100.370630,6.521389,0
100.370633,6.521426,0
100.370639,6.521490,0
100.370642,6.521525,0
100.370650,6.521607,0
100.370653,6.521646,0
100.370663,6.521759,0
100.370665,6.521778,0
100.370673,6.521860,0
100.370675,6.521886,0
100.370676,6.521892,0
100.370682,6.521959,0
100.370705,6.522215,0
100.370710,6.522265,0
100.370711,6.522283,0
100.370715,6.522329,0
100.370719,6.522370,0
100.370724,6.522419,0
100.370724,6.522419,0
100.370756,6.522778,0
100.370774,6.522971,0
100.370947,6.524862,0
100.370948,6.524871,0
100.371159,6.526875,0
100.371163,6.526915,0
100.371608,6.531125,0
100.368817,6.538322,0
100.368378,6.539454,0
100.368189,6.540153,0
100.367696,6.540314,0
100.367404,6.540545,0
100.367394,6.540817,0
100.367011,6.541280,0
100.367141,6.542075,0
100.366718,6.543333,0
100.366205,6.543544,0
100.366184,6.544168,0
100.366033,6.544399,0
100.365580,6.544822,0
100.365338,6.545114,0
100.364917,6.545601,0
100.364825,6.545707,0
100.364291,6.545697,0
100.363929,6.545405,0
100.363536,6.545717,0
100.362922,6.545817,0
100.362627,6.546148,0
100.362600,6.546179,0
100.362571,6.546570,0
100.362549,6.546854,0
100.362227,6.547316,0
100.361341,6.548423,0
100.361053,6.548657,0
100.361018,6.548685,0
100.361028,6.549208,0
100.361105,6.549586,0
100.361118,6.549651,0
100.360982,6.549924,0
100.360947,6.549993,0
100.360850,6.550387,0
100.360826,6.550486,0
100.360755,6.550676,0
100.360584,6.551130,0
100.360443,6.551684,0
100.360352,6.552106,0
100.360543,6.552630,0
100.360563,6.552952,0
100.360382,6.553204,0
100.360361,6.553616,0
100.360190,6.553757,0
100.359820,6.554115,0
100.359621,6.554308,0
100.359566,6.554361,0
100.359817,6.555176,0
100.360199,6.555498,0
100.360179,6.556143,0
100.360279,6.556465,0
100.361074,6.556888,0
100.360764,6.557594,0
100.360752,6.557622,0
100.360168,6.558015,0
100.359785,6.557944,0
100.359483,6.558004,0
100.359268,6.558296,0
100.359146,6.558460,0
100.359141,6.558467,0
100.358585,6.558720,0
100.358567,6.558728,0
100.357923,6.559121,0
100.357449,6.559644,0
100.357519,6.560077,0
100.357610,6.560580,0
100.357500,6.560846,0
100.357270,6.561403,0
100.357257,6.561435,0
100.357218,6.561453,0
100.357005,6.561546,0
100.356650,6.562098,0
100.356552,6.562250,0
100.356190,6.562169,0
100.355978,6.562220,0
100.355555,6.562501,0
100.355088,6.562190,0
100.354960,6.561939,0
100.354787,6.561598,0
100.354642,6.561629,0
100.354599,6.562199,0
100.354629,6.562380,0
100.354770,6.562612,0
100.354760,6.562903,0
100.354860,6.563205,0
100.354759,6.563387,0
100.354981,6.563769,0
100.355162,6.564242,0
100.354950,6.564665,0
100.355212,6.565118,0
100.355181,6.565611,0
100.355293,6.565956,0
100.355273,6.566215,0
100.355137,6.566371,0
100.355127,6.566734,0
100.355179,6.567076,0
100.355085,6.567408,0
100.355085,6.567637,0
100.355209,6.567938,0
100.355188,6.568269,0
100.355001,6.568539,0
100.355001,6.568871,0
100.354856,6.569099,0
100.354700,6.569348,0
100.354721,6.569691,0
100.354191,6.569898,0
100.354274,6.570344,0
100.354191,6.570583,0
100.354087,6.570997,0
100.354004,6.571506,0
100.353848,6.571786,0
100.353723,6.572118,0
100.353547,6.572284,0
100.353027,6.572989,0
100.352893,6.573092,0
100.352610,6.573423,0
100.352467,6.573590,0
100.352062,6.573600,0
100.351730,6.573476,0
100.351253,6.573610,0
100.350859,6.573423,0
100.350444,6.573278,0
100.350091,6.573350,0
100.350061,6.573356,0
100.349572,6.573455,0
100.349427,6.573485,0
100.349168,6.573132,0
100.348867,6.573007,0
100.348597,6.572779,0
100.348328,6.572716,0
100.347830,6.572664,0
100.347791,6.572621,0
100.347633,6.572446,0
100.347583,6.572402,0
100.347125,6.571989,0
100.346907,6.571958,0
100.346617,6.571570,0
100.346596,6.571543,0
100.346378,6.571636,0
100.346212,6.571927,0
100.346004,6.572082,0
100.345911,6.572383,0
100.345662,6.572549,0
100.345433,6.572881,0
100.345206,6.573541,0
100.345194,6.573576,0
100.345123,6.573609,0
100.344883,6.573721,0
100.344603,6.573783,0
100.344468,6.574042,0
100.344291,6.574125,0
100.344250,6.574540,0
100.343969,6.574789,0
100.343926,6.574795,0
100.343822,6.574809,0
100.343741,6.574820,0
100.343440,6.575110,0
100.343056,6.575286,0
100.342734,6.575525,0
100.342599,6.576054,0
100.342401,6.576406,0
100.342236,6.576614,0
100.342360,6.576769,0
100.342723,6.576759,0
100.343076,6.577185,0
100.343127,6.577838,0
100.343272,6.578201,0
100.343365,6.579146,0
100.343261,6.579405,0
100.343136,6.579768,0
100.343095,6.580007,0
100.342876,6.580432,0
100.342404,6.580934,0
100.342389,6.580950,0
100.341935,6.580950,0
100.341828,6.580950,0
100.341481,6.581663,0
100.341454,6.581717,0
100.341191,6.581779,0
100.341143,6.581790,0
100.340923,6.581895,0
100.340687,6.582007,0
100.340350,6.581824,0
100.340344,6.581821,0
100.340281,6.581834,0
100.340095,6.581872,0
100.339860,6.581703,0
100.339836,6.581685,0
100.339531,6.581838,0
100.339483,6.581862,0
100.339338,6.581887,0
100.339244,6.581903,0
100.339006,6.581975,0
100.338715,6.582203,0
100.338094,6.582504,0
100.338009,6.582545,0
100.337858,6.582470,0
100.337698,6.582390,0
100.337380,6.582735,0
100.337232,6.582897,0
100.336878,6.582835,0
100.337272,6.583136,0
100.337760,6.583811,0
100.337552,6.584309,0
100.337064,6.584568,0
100.336630,6.585026,0
100.336514,6.585148,0
100.336335,6.585157,0
100.336306,6.585159,0
100.336209,6.585353,0
100.336171,6.585428,0
100.335663,6.585646,0
100.335040,6.585480,0
100.334522,6.585095,0
100.334366,6.584784,0
100.334200,6.584628,0
100.334004,6.584608,0
100.333899,6.584597,0
100.333890,6.584603,0
100.333679,6.584746,0
100.333609,6.584794,0
100.333511,6.584869,0
100.333256,6.585064,0
100.332706,6.584980,0
100.332094,6.584741,0
100.331575,6.585094,0
100.331359,6.584972,0
100.331301,6.584939,0
100.331243,6.584907,0
100.331057,6.584927,0
100.330631,6.585176,0
100.330434,6.585166,0
100.330143,6.585020,0
100.329843,6.585093,0
100.329642,6.584911,0
100.329625,6.584895,0
100.329545,6.585010,0
100.329438,6.585165,0
100.329012,6.585383,0
100.328852,6.585342,0
100.328763,6.585320,0
100.328603,6.585524,0
100.328462,6.585704,0
100.328120,6.585693,0
100.327725,6.585921,0
100.327155,6.586128,0
100.326894,6.586050,0
100.326844,6.586035,0
100.326470,6.586367,0
100.326388,6.586558,0
100.326280,6.586808,0
100.326252,6.586875,0
100.326573,6.587311,0
100.326885,6.588033,0
100.326905,6.588079,0
100.326768,6.588442,0
100.326755,6.588475,0
100.326748,6.588493,0
100.326744,6.588504,0
100.326541,6.588950,0
100.326534,6.589228,0
100.326530,6.589386,0
100.326084,6.589572,0
100.325523,6.590246,0
100.324922,6.589831,0
100.324683,6.589955,0
100.324527,6.590328,0
100.324506,6.591003,0
100.323966,6.591573,0
100.323489,6.591791,0
100.323074,6.591780,0
100.322835,6.591718,0
100.322389,6.591655,0
100.322161,6.591717,0
100.321631,6.592329,0
100.321434,6.592816,0
100.321164,6.593314,0
100.320923,6.593694,0
100.320914,6.593708,0
100.321007,6.594507,0
100.321005,6.594512,0
100.320856,6.594792,0
100.320831,6.594839,0
100.320530,6.595316,0
100.320041,6.595783,0
100.319793,6.595974,0
100.319720,6.596031,0
100.319439,6.596633,0
100.319305,6.597509,0
100.319304,6.597515,0
100.319243,6.597631,0
100.318826,6.598417,0
100.318937,6.598942,0
100.318721,6.599309,0
100.318783,6.600015,0
100.319010,6.600527,0
100.318986,6.600669,0
100.318928,6.600855,0
100.318751,6.601260,0
100.318574,6.602048,0
100.318346,6.602317,0
100.318221,6.602670,0
100.318377,6.603147,0
100.318088,6.603456,0
100.318065,6.604091,0
100.317650,6.604153,0
100.316954,6.604858,0
100.316404,6.604827,0
100.315937,6.604681,0
100.315709,6.604453,0
100.315292,6.604514,0
100.314963,6.604235,0
100.314553,6.604356,0
100.313583,6.603850,0
100.313136,6.604140,0
100.312867,6.604192,0
100.312555,6.604440,0
100.311818,6.604606,0
100.311580,6.604492,0
100.311009,6.604875,0
100.310667,6.604813,0
100.310480,6.604854,0
100.310480,6.605041,0
100.310147,6.605207,0
100.309950,6.605497,0
100.309680,6.605673,0
100.309359,6.605901,0
100.308943,6.606005,0
100.308587,6.606140,0
100.308290,6.606253,0
100.308206,6.606481,0
100.307771,6.606533,0
100.307563,6.606325,0
100.307249,6.606135,0
100.306714,6.605697,0
100.306433,6.605907,0
100.306272,6.606344,0
100.306538,6.606687,0
100.306621,6.606794,0
100.306676,6.606865,0
100.307412,6.607965,0
100.307455,6.608852,0
100.307475,6.609269,0
100.307516,6.610124,0
100.307578,6.611402,0
100.309205,6.611306,0
100.309931,6.611263,0
100.312022,6.611140,0
100.312637,6.612181,0
100.312652,6.612208,0
100.313121,6.613001,0
100.317864,6.614004,0
100.321924,6.617210,0
100.323057,6.618070,0
100.323069,6.618078,0
100.325020,6.619557,0
100.327737,6.622009,0
100.328102,6.622917,0
100.327548,6.624095,0
100.325771,6.626360,0
100.325758,6.626745,0
100.325738,6.627325,0
100.325634,6.630357,0
100.324200,6.632368,0
100.323399,6.636805,0
100.321132,6.635756,0
100.318667,6.635802,0
100.318111,6.637629,0
100.318672,6.638050,0
100.318912,6.638431,0
100.318651,6.639052,0
100.319272,6.639794,0
100.319232,6.640716,0
100.320435,6.641337,0
100.321260,6.641541,0
100.321417,6.641580,0
100.321496,6.641600,0
100.322140,6.642238,0
100.322759,6.642583,0
100.323541,6.642583,0
100.323721,6.643125,0
100.323801,6.644067,0
100.323840,6.644364,0
100.324000,6.645590,0
100.323438,6.646392,0
100.324040,6.646552,0
100.323979,6.647434,0
100.323437,6.647775,0
100.323996,6.649243,0
100.323998,6.649248,0
100.324078,6.649459,0
100.323656,6.650541,0
100.322664,6.651345,0
100.322347,6.651602,0
100.322272,6.651663,0
100.321870,6.652745,0
100.321517,6.653106,0
100.321402,6.653224,0
100.321068,6.653566,0
100.321052,6.653982,0
100.321070,6.654221,0
100.321161,6.654441,0
100.321332,6.654852,0
100.322159,6.655511,0
100.322202,6.655545,0
100.322210,6.655551,0
100.322229,6.655561,0
100.325271,6.656997,0
100.325339,6.657713,0
100.325339,6.657718,0
100.325378,6.658126,0
100.325449,6.658876,0
100.326011,6.659668,0
100.326013,6.659672,0
100.326145,6.659858,0
100.326348,6.660018,0
100.327439,6.660882,0
100.327470,6.661315,0
100.327471,6.661321,0
100.327509,6.661834,0
100.327580,6.662802,0
100.328284,6.663905,0
100.328281,6.663907,0
100.328583,6.664378,0
100.328505,6.664591,0
100.328511,6.664597,0
100.328290,6.665206,0
100.327407,6.665874,0
100.325672,6.666100,0
100.325550,6.666079,0
100.324058,6.665840,0
100.324008,6.665836,0
100.323674,6.665811,0
100.322695,6.665945,0
100.322692,6.665946,0
100.322124,6.666024,0
100.321445,6.665466,0
100.320936,6.665045,0
100.320755,6.665066,0
100.320716,6.665070,0
100.320014,6.665151,0
100.317801,6.668145,0
100.317320,6.668470,0
100.314085,6.667367,0
100.313973,6.667422,0
100.312159,6.668396,0
100.310798,6.668264,0
100.310798,6.668264,0
100.310798,6.668264,0
100.310792,6.668266,0
100.310588,6.668370,0
100.310587,6.668370,0
100.310576,6.668376,0
100.309809,6.668766,0
100.309805,6.668768,0
100.308051,6.669660,0
100.307978,6.671826,0
100.307861,6.671919,0
100.307599,6.672128,0
100.306583,6.672938,0
100.304836,6.680028,0
100.303832,6.681070,0
100.302678,6.680890,0
100.299555,6.679419,0
100.299408,6.679496,0
100.299252,6.679579,0
100.298617,6.679914,0
100.298614,6.679915,0
100.297298,6.680610,0
100.295989,6.681301,0
100.295812,6.682212,0
100.295812,6.682214,0
100.295526,6.683687,0
100.295136,6.684368,0
100.294838,6.684889,0
100.294274,6.685875,0
100.293652,6.686963,0
100.293597,6.687058,0
100.293255,6.687701,0
100.293152,6.687895,0
100.292657,6.688825,0
100.292552,6.689277,0
100.292479,6.689597,0
100.292154,6.691009,0
100.292057,6.691430,0
100.292046,6.691476,0
100.292338,6.692801,0
100.292457,6.693338,0
100.292623,6.694091,0
100.292624,6.694098,0
100.292718,6.694525,0
100.292935,6.695287,0
100.292938,6.695296,0
100.293479,6.697199,0
100.293562,6.697493,0
100.293370,6.698971,0
100.293293,6.699567,0
100.293877,6.700298,0
100.293998,6.700449,0
100.295676,6.702548,0
100.296057,6.703025,0
100.296274,6.703296,0
100.297070,6.704744,0
100.297050,6.704831,0
100.296927,6.705371,0
100.296676,6.706465,0
100.296675,6.706470,0
100.296460,6.707407,0
100.295768,6.707919,0
100.294998,6.708489,0
100.291870,6.710802,0
100.288891,6.708650,0
100.286399,6.709583,0
100.283771,6.708144,0
100.283198,6.708089,0
100.281997,6.707976,0
100.281327,6.707913,0
100.280275,6.704877,0
100.277307,6.705408,0
100.273648,6.704503,0
100.273450,6.704376,0
100.271780,6.703304,0
100.271527,6.703142,0
100.268663,6.699643,0
100.265603,6.700151,0
100.265309,6.703423,0
100.265173,6.703779,0
100.264881,6.704542,0
100.263548,6.706287,0
100.262831,6.708582,0
100.261924,6.709467,0
100.261520,6.709860,0
100.259658,6.711676,0
100.259472,6.711857,0
100.258726,6.712090,0
100.258109,6.708822,0
100.256082,6.710202,0
100.255075,6.709657,0
100.255070,6.709654,0
100.254826,6.709522,0
100.254271,6.709222,0
100.254214,6.708504,0
100.254237,6.708460,0
100.254340,6.708264,0
100.254394,6.707575,0
100.254431,6.707096,0
100.254638,6.704438,0
100.251989,6.703171,0
100.251838,6.701663,0
100.251273,6.699006,0
100.250611,6.698364,0
100.249905,6.697607,0
100.249903,6.697604,0
100.249620,6.697301,0
100.249472,6.697239,0
100.248915,6.697006,0
100.248527,6.696580,0
100.248455,6.696431,0
100.248453,6.696427,0
100.245451,6.697166,0
100.245334,6.696040,0
100.245274,6.695958,0
100.245196,6.695361,0
100.245080,6.694994,0
100.245181,6.694556,0
100.245086,6.693643,0
100.244387,6.693169,0
100.244386,6.693169,0
100.244284,6.693117,0
100.244277,6.693114,0
100.241900,6.692885,0
100.239631,6.692999,0
100.237916,6.694446,0
100.237068,6.694355,0
100.237061,6.694355,0
100.235968,6.694238,0
100.235126,6.694147,0
100.233399,6.695675,0
100.231463,6.694244,0
100.231208,6.694219,0
100.230719,6.694172,0
100.230218,6.694123,0
100.228078,6.697150,0
100.226679,6.697576,0
100.226497,6.697631,0
100.225470,6.697944,0
100.224930,6.699409,0
100.224459,6.699531,0
100.223712,6.699725,0
100.223125,6.699878,0
100.222769,6.700315,0
100.221503,6.701870,0
100.221495,6.701879,0
100.219916,6.703819,0
100.219894,6.703857,0
100.220662,6.708725,0
100.220099,6.710305,0
100.219189,6.711587,0
100.217510,6.713322,0
100.217484,6.715626,0
100.216300,6.717301,0
100.216412,6.718267,0
100.216445,6.719327,0
100.216001,6.720031,0
100.213384,6.721125,0
100.212624,6.720677,0
100.212029,6.720325,0
100.211414,6.720085,0
100.211317,6.720047,0
100.210746,6.719824,0
100.209483,6.719856,0
100.209361,6.719860,0
100.209145,6.719865,0
100.208788,6.720118,0
100.208193,6.720540,0
100.207805,6.720815,0
100.207633,6.721001,0
100.206709,6.721995,0
100.206491,6.722824,0

              </coordinates>
            </LinearRing>
          </outerBoundaryIs>
        </Polygon>
      </Placemark>
    </Folder>
  </Document>
</kml>
